
Columns are: 
(1) x-position (Titan Radii)
(2) y-position (Titan Radii)
(3) z-position (Titan Radii)
(4) x-component of B (nano-T)
(5) y-component of B (nT)
(6) z-component of B (nT)
(7) Electron Density (cm^-3)
(8) Electron Temperature (K)
(9) N2 density (cm^-3)
(10) CH4 density (cm^-3)
(11) N2+ Photoionization Rate (cm^-3 s^1)
(12) CH4+ Photoionization Rate (cm^-3 s^1)
         -1.4186          -0.1986          -0.2273           1.6623           6.0565         -12.2742        3563.4612         157.9572   900807445.4350    35188313.9048           0.0000           0.0000
         -1.4227          -0.2187          -0.1879           1.2256           5.7864         -11.9401        3366.2609         475.3436   817126865.5554    32295500.4801           0.0000           0.0000
         -1.4262          -0.2397          -0.1411           0.7895           5.5221         -11.6095        3174.4949         777.7134   737199838.2996    29526726.9355           0.0000           0.0000
         -1.4292          -0.2608          -0.0889           0.3541           5.2636         -11.2826        2988.2220        1065.0666   661026363.6674    26881993.2710           0.0000           0.0000
         -1.4315          -0.2850          -0.0248          -0.0805           5.0108         -10.9593        2807.5012        1337.4032   588606441.6589    24361299.4865           0.0000           0.0000
         -1.4319          -0.3138           0.0467          -0.5145           4.7637         -10.6396        2632.3916        1594.7231   519940072.2742    21964645.5821           0.0000           0.0000
         -1.4294          -0.3434           0.1155          -0.9477           4.5225         -10.3235        2462.9519        1837.0263   455027255.5131    19692031.5578           0.0000           0.0000
         -1.4242          -0.3729           0.1843          -1.3803           4.2870         -10.0111        2299.2412        2064.3129   393867991.3757    17543457.4135           0.0000           0.0000
         -1.4163          -0.4028           0.2526          -1.8121           4.0572          -9.7023        2141.3184        2276.5829   336462279.8621    15518923.1493           0.0000           0.0000
         -1.4037          -0.4337           0.3197          -2.2432           3.8333          -9.3971        1989.2425        2473.8363   282810120.9721    13618428.7651           0.0000           0.0000
         -1.3864          -0.4662           0.3849          -2.6737           3.6150          -9.0956        1843.0723        2656.0730   232911514.7058    11841974.2610           0.0000           0.0000
         -1.3651          -0.5003           0.4482          -3.1034           3.4026          -8.7977        1702.8669        2823.2930   186766461.0633    10189559.6370           0.0000           0.0000
         -1.3426          -0.5341           0.5113          -3.5324           3.1959          -8.5034        1568.6852        2975.4965   144374960.0444     8661184.8930           0.0000           0.0000
         -1.3165          -0.5648           0.5745          -3.9608           2.9949          -8.2127        1440.5862        3112.6833   105737011.6492     7256850.0291           0.0000           0.0000
         -1.2849          -0.5946           0.6354          -4.3884           2.7998          -7.9256        1318.6287        3234.8534    70852615.8778     5976555.0452           0.0000           0.0000
         -1.2489          -0.6242           0.6942          -4.8153           2.6103          -7.6422        1202.8717        3342.0069    39721772.7300     4820299.9414           0.0000           0.0000
         -1.2117          -0.6520           0.7532          -5.2415           2.4267          -7.3624        1093.3742        3434.1438    12344482.2059     3788084.7177           0.0000           0.0000
         -1.1711          -0.6745           0.8119          -5.6671           2.2488          -7.0863         990.1951        3511.2640           0.0010     2879909.3740           0.0000           0.0000
         -1.1248          -0.6933           0.8676          -6.0919           2.0767          -6.8137         893.3933        3649.4245           0.0010     2793408.1475           0.0000           0.0000
         -1.0736          -0.7100           0.9198          -6.5160           1.9103          -6.5448         803.0279        3741.0582    31441700.5510     3586059.6966           0.0000           0.0000
         -1.0201          -0.7263           0.9698          -6.9394           1.7497          -6.2795         710.4762        3818.4685    20499055.1798     3075396.4958           0.0000           0.0000
         -0.9656          -0.7397           1.0196          -7.3621           1.5948          -6.0179         630.6609        3855.6920    13482849.0436     2715414.9572           0.0000           0.0000
         -0.9089          -0.7482           1.0677          -7.7841           1.4457          -5.7598         555.9427        3864.1020     6021021.3676     2354291.9225           0.0000           0.0000
         -0.8490          -0.7535           1.1124          -8.2054           1.3024          -5.5054         494.6404        3841.6989      151936.0267     2064141.9555           0.0000           0.0000
         -0.7854          -0.7598           1.1516          -8.6260           1.1648          -5.2546         439.9077        3807.6505           0.0010     1684927.0555           0.0000           0.0000
         -0.7198          -0.7671           1.1871          -9.1286           0.9679          -4.9846         397.5229        3693.5333     5844701.2594     2110168.4442           0.0000           0.0000
         -0.6527          -0.7726           1.2201          -9.6576           0.8061          -4.5771         345.4599        3510.8005    11942863.9498     2293462.1559           0.0000           0.0000
         -0.5843          -0.7759           1.2507         -10.0659           0.6639          -4.3094         333.3429        3302.8586    13028459.1187     2286739.0951           0.0000           0.0000
         -0.5147          -0.7776           1.2785         -10.4724           0.5063          -4.0631         337.0641        3074.9343    11585718.4744     2155252.0955           0.0000           0.0000
         -0.4442          -0.7776           1.3041         -10.8833           0.3565          -3.8339         338.0765        2769.7697    12934621.5694     2163680.1733           0.0000           0.0000
         -0.3730          -0.7758           1.3278         -11.3404           0.2373          -3.6184         313.1658        2470.9692    11541904.3364     2020973.8582           0.0000           0.0000
         -0.3012          -0.7723           1.3490         -11.7778           0.1192          -3.4106         325.7093        2157.2666    13105401.1443     2041757.0005           0.0000           0.0000
         -0.2287          -0.7679           1.3679         -12.2077          -0.0103          -3.1999         296.0776        2123.6015    11457756.6249     1856991.3868           0.0000           0.0000
         -0.1555          -0.7637           1.3835         -12.6087          -0.1082          -2.9957         310.5144        2102.8527    10463424.5745     1719605.3503           0.0000           0.0000
         -0.0817          -0.7609           1.3959         -12.9510          -0.2140          -2.8099         273.6587        2176.2434     9425955.4527     1576358.6306           0.0000           0.0000
         -0.0075          -0.7591           1.4071         -13.2846          -0.3114          -2.6316         242.4118        2338.9766     8169805.1285     1413678.0419           0.0000           0.0000
          0.0664          -0.7570           1.4198         -13.6092          -0.4005          -2.4608         219.2713        2423.1743     7335437.2886     1282626.9633           0.0000           0.0000
          0.1399          -0.7531           1.4340         -13.9251          -0.4813          -2.2976         191.0379        2559.4166     6979627.5067     1186680.2857           0.0000           0.0000
          0.2133          -0.7478           1.4485         -14.2320          -0.5538          -2.1419         169.8181        2786.4382     6084576.8287     1049593.8011           0.0000           0.0000
          0.2869          -0.7429           1.4617         -14.5301          -0.6179          -1.9938         146.4170        3044.3285     5274193.3275      920188.3995           0.0000           0.0000
          0.3611          -0.7399           1.4726         -14.8194          -0.6738          -1.8532         124.1094        3343.3764     4472905.5339      792628.1048           0.0000           0.0000
          0.4356          -0.7386           1.4810         -15.0998          -0.7213          -1.7202         103.0167        3573.4943     3840538.1122      697350.6303           0.0000           0.0000
          0.5103          -0.7383           1.4876         -15.3714          -0.7605          -1.5947          83.2599        3832.6663     3246255.2036      606279.7441           0.0000           0.0000
          0.5851          -0.7385           1.4930         -15.6341          -0.7914          -1.4768          64.9605        4120.8925     2690056.8079      519415.4463           0.0000           0.0000
          0.6599          -0.7392           1.4978         -15.8880          -0.8140          -1.3664          48.2396        4438.1728     2171942.9252      436757.7367           0.0000           0.0000
          0.7348          -0.7402           1.5022         -16.1330          -0.8282          -1.2636          33.2185        4784.5072     1691913.5555      358306.6155           0.0000           0.0000
          0.8097          -0.7411           1.5064         -16.3691          -0.8342          -1.1683          20.0184        5159.8957     1249968.6988      284062.0826           0.0000           0.0000
          0.8846          -0.7415           1.5106         -16.5964          -0.8318          -1.0805           8.7605        5564.3384      846108.3551      214024.1380           0.0000           0.0000
          0.9594          -0.7409           1.5150         -16.8149          -0.8211          -1.0003           0.0010        5997.8352      480332.5244      148192.7817           0.0000           0.0000
          1.0343          -0.7393           1.5197         -17.0245          -0.8021          -0.9277           0.0010        6460.3861      152641.2067       86568.0137           0.0000           0.0000
          1.1091          -0.7367           1.5244         -17.2252          -0.7748          -0.8626           0.0010        6951.9911           0.0010       29149.8340           0.0000           0.0000
          1.1839          -0.7336           1.5290         -17.4171          -0.7392          -0.8050           0.0010        7472.6502           0.0010           0.0010           0.0000           0.0000
          1.2586          -0.7299           1.5334         -17.6002          -0.6952          -0.7550           0.0010        8022.3635           0.0010           0.0010           0.0000           0.0000
          1.3334          -0.7255           1.5373         -17.7744          -0.6430          -0.7125           0.0010        8601.1309           0.0010           0.0010           0.0000           0.0000
          1.4082          -0.7206           1.5410         -17.9397          -0.5824          -0.6776           0.0010        9208.9524           0.0010           0.0010           0.0000           0.0000
          1.4829          -0.7153           1.5446         -18.0962          -0.5135          -0.6502           3.1691        9845.8280           0.0010           0.0010           0.0000           0.0000
          1.5576          -0.7100           1.5483         -18.2438          -0.4363          -0.6304          14.8478       10511.7578           0.0010           0.0010           0.0000           0.0000
          1.6323          -0.7046           1.5520         -18.3826          -0.3507          -0.6181          29.6812       11206.7416           0.0010           0.0010           0.0000           0.0000
