         -1.4186          -0.1986          -0.2273           1.6623           6.0565         -12.2742        3563.4612         157.9572   900807445.4350    35188313.9048           0.0000           0.0000
         -1.4227          -0.2187          -0.1879           1.2256           5.7864         -11.9401        3366.2609         475.3436   817126865.5554    32295500.4801           0.0000           0.0000
         -1.4262          -0.2397          -0.1411           0.7895           5.5221         -11.6095        3174.4949         777.7134   737199838.2996    29526726.9355           0.0000           0.0000
         -1.4292          -0.2608          -0.0889           0.3541           5.2636         -11.2826        2988.2220        1065.0666   661026363.6674    26881993.2710           0.0000           0.0000
         -1.4315          -0.2850          -0.0248          -0.0805           5.0108         -10.9593        2807.5012        1337.4032   588606441.6589    24361299.4865           0.0000           0.0000
         -1.4319          -0.3138           0.0467          -0.5145           4.7637         -10.6396        2632.3916        1594.7231   519940072.2742    21964645.5821           0.0000           0.0000
         -1.4294          -0.3434           0.1155          -0.9477           4.5225         -10.3235        2462.9519        1837.0263   455027255.5131    19692031.5578           0.0000           0.0000
         -1.4242          -0.3729           0.1843          -1.3803           4.2870         -10.0111        2299.2412        2064.3129   393867991.3757    17543457.4135           0.0000           0.0000
         -1.4163          -0.4028           0.2526          -1.8121           4.0572          -9.7023        2141.3184        2276.5829   336462279.8621    15518923.1493           0.0000           0.0000
         -1.4037          -0.4337           0.3197          -2.2432           3.8333          -9.3971        1989.2425        2473.8363   282810120.9721    13618428.7651           0.0000           0.0000
         -1.3864          -0.4662           0.3849          -2.6737           3.6150          -9.0956        1843.0723        2656.0730   232911514.7058    11841974.2610           0.0000           0.0000
         -1.3651          -0.5003           0.4482          -3.1034           3.4026          -8.7977        1702.8669        2823.2930   186766461.0633    10189559.6370           0.0000           0.0000
         -1.3426          -0.5341           0.5113          -3.5324           3.1959          -8.5034        1568.6852        2975.4965   144374960.0444     8661184.8930           0.0000           0.0000
         -1.3165          -0.5648           0.5745          -3.9608           2.9949          -8.2127        1440.5862        3112.6833   105737011.6492     7256850.0291           0.0000           0.0000
         -1.2849          -0.5946           0.6354          -4.3884           2.7998          -7.9256        1318.6287        3234.8534    70852615.8778     5976555.0452           0.0000           0.0000
         -1.2489          -0.6242           0.6942          -4.8153           2.6103          -7.6422        1202.8717        3342.0069    39721772.7300     4820299.9414           0.0000           0.0000
